FANN_FLO_2.1
num_layers=3
learning_rate=0.700000
connection_rate=1.000000
network_type=0
learning_momentum=0.000000
training_algorithm=0
train_error_function=1
train_stop_function=0
cascade_output_change_fraction=0.010000
quickprop_decay=-0.000100
quickprop_mu=1.750000
rprop_increase_factor=1.200000
rprop_decrease_factor=0.500000
rprop_delta_min=0.000000
rprop_delta_max=50.000000
rprop_delta_zero=0.100000
cascade_output_stagnation_epochs=12
cascade_candidate_change_fraction=0.010000
cascade_candidate_stagnation_epochs=12
cascade_max_out_epochs=150
cascade_min_out_epochs=50
cascade_max_cand_epochs=150
cascade_min_cand_epochs=50
cascade_num_candidate_groups=2
bit_fail_limit=3.49999994039535522461e-01
cascade_candidate_limit=1.00000000000000000000e+03
cascade_weight_multiplier=4.00000005960464477539e-01
cascade_activation_functions_count=10
cascade_activation_functions=3 5 7 8 10 11 14 15 16 17 
cascade_activation_steepnesses_count=4
cascade_activation_steepnesses=2.50000000000000000000e-01 5.00000000000000000000e-01 7.50000000000000000000e-01 1.00000000000000000000e+00 
layer_sizes=7 8 2 
scale_included=0
neurons (num_inputs, activation_function, activation_steepness)=(0, 0, 0.00000000000000000000e+00) (0, 0, 0.00000000000000000000e+00) (0, 0, 0.00000000000000000000e+00) (0, 0, 0.00000000000000000000e+00) (0, 0, 0.00000000000000000000e+00) (0, 0, 0.00000000000000000000e+00) (0, 0, 0.00000000000000000000e+00) (7, 5, 5.00000000000000000000e-01) (7, 5, 5.00000000000000000000e-01) (7, 5, 5.00000000000000000000e-01) (7, 5, 5.00000000000000000000e-01) (7, 5, 5.00000000000000000000e-01) (7, 5, 5.00000000000000000000e-01) (7, 5, 5.00000000000000000000e-01) (0, 5, 0.00000000000000000000e+00) (8, 0, 5.00000000000000000000e-01) (0, 0, 0.00000000000000000000e+00) 
connections (connected_to_neuron, weight)=(0, 6.98723554611206054688e-01) (1, 9.42083537578582763672e-01) (2, 7.99429655075073242188e-01) (3, 1.49541407823562622070e-01) (4, 6.82571709156036376953e-01) (5, 7.68668711185455322266e-01) (6, 7.72282898426055908203e-01) (0, 1.50342658162117004395e-01) (1, 7.71261334419250488281e-01) (2, 1.81651920080184936523e-01) (3, 6.60393953323364257812e-01) (4, 9.74768817424774169922e-01) (5, 5.77319264411926269531e-01) (6, 6.06447532773017883301e-02) (0, 6.86055243015289306641e-01) (1, 1.48015052080154418945e-01) (2, 5.53005933761596679688e-01) (3, 5.59280633926391601562e-01) (4, 7.59959965944290161133e-02) (5, 5.33385276794433593750e-01) (6, 5.48776268959045410156e-01) (0, 1.95357650518417358398e-01) (1, 3.75655412673950195312e-01) (2, 5.88879704475402832031e-01) (3, 7.76109397411346435547e-01) (4, 3.80987711250782012939e-02) (5, 9.20910954475402832031e-01) (6, 6.35867416858673095703e-01) (0, 1.53276547789573669434e-01) (1, 9.41310703754425048828e-01) (2, 3.59619259834289550781e-01) (3, 8.52000057697296142578e-01) (4, 8.83394241333007812500e-01) (5, 1.59048914909362792969e-01) (6, 1.54149252921342849731e-03) (0, 5.65965950489044189453e-01) (1, 9.27717626094818115234e-01) (2, 7.73824393749237060547e-01) (3, 7.16308593750000000000e-01) (4, 6.98978960514068603516e-01) (5, 9.55476343631744384766e-01) (6, 3.76702547073364257812e-01) (0, 6.73747837543487548828e-01) (1, 5.32795548439025878906e-01) (2, 4.37347322702407836914e-01) (3, 3.59803020954132080078e-01) (4, 6.80810630321502685547e-01) (5, 9.90353286266326904297e-01) (6, 9.19083654880523681641e-01) (7, 7.56806612014770507812e-01) (8, 5.23738563060760498047e-01) (9, 4.67859953641891479492e-01) (10, 9.52164292335510253906e-01) (11, 8.99393975734710693359e-01) (12, 5.67396208643913269043e-02) (13, 7.28273689746856689453e-01) (14, 9.37492728233337402344e-01) 
